Top 10
Hit Ratio:0.07396
Precision:0.08285
Recall:0.10045
NDCG:0.12149
Top 20
Hit Ratio:0.11468
Precision:0.06423
Recall:0.14753
NDCG:0.12951
